76.36
77.15
75.93
77.36
77.64
74.94
75.67
77.81
75.92
75.28
73.45
76.5
74.29
74.39
73.26
77.43
74.89
72.95
74.43
77.95
72.54
73.34
72.54
72.63
74.34
73.01
77.18
74.25
75.53
72.77
73.37
76.5
73.54
73.03
72.51
73.25
74.0
74.78
76.3
72.09
74.25
74.7
75.14
72.35
76.22
76.99
73.85
72.06
72.66
72.8
77.87
76.01
72.34
75.35
74.96
72.07
76.89
77.7
76.65
75.12
72.58
76.02
74.1
76.71
72.07
74.99
77.81
74.57
74.12
77.6
73.9
74.56
80.17
80.02
77.46
80.9
80.77
78.03
79.01
79.01
81.58
78.0
78.44
81.38
84.73
82.95
80.51
82.35
84.52
86.2
84.7
86.59
84.72
87.87
84.91
85.3
84.3
89.09
85.04
86.27
87.58
85.92
88.92
90.37
89.4
90.49
92.22
90.9
92.64
91.58
91.23
94.25
91.36
93.09
91.32
95.31
92.33
96.29
96.23
95.86
95.99
92.88
93.54
97.56
95.11
92.14
97.41
93.93
97.07
97.92
94.54
93.29
94.37
94.57
95.47
92.04
94.87
93.34
92.93
96.27
94.49
97.23
97.19
95.45
95.92
94.43
93.83
92.15
95.85
94.74
97.98
93.42
93.82
92.6
92.03
93.05
97.79
97.39
95.41
97.28
95.83
93.12
94.26
92.77
93.9
92.36
96.67
92.85
96.81
92.64
92.63
93.67
93.21
96.41
96.48
95.81
95.83
96.68
95.61
93.95
92.56
94.19
96.84
92.65
95.08
97.02
92.86
97.6
92.25
96.2
94.58
96.94
93.29
94.61
94.9
92.07
97.34
95.42
95.66
92.83
96.47
94.82
97.31
93.77
96.13
93.36
95.87
93.76
96.51
97.63
92.66
94.98
93.57
92.37
97.11
97.52
95.23
94.66
92.21
95.3
94.37
92.96
94.12
93.43
97.44
95.54
97.0
93.83
93.01
92.31
94.68
96.54
97.96
93.74
96.14
92.3
94.5
93.66
93.97
92.38
97.12
95.5
94.82
93.99
92.99
95.52
94.24
90.74
90.75
96.07
94.29
89.92
92.21
92.95
89.11
92.44
93.68
90.75
93.67
88.6
88.56
90.71
87.06
88.48
92.26
89.77
90.36
88.69
85.9
85.15
87.83
88.33
85.69
87.03
86.59
87.6
84.98
87.64
87.51
84.16
88.02
84.36
85.14
84.19
83.12
81.34
85.54
84.89
84.82
84.31
81.35
81.65
84.85
79.46
80.92
78.61
81.28
79.05
81.63
79.49
77.25
79.6
81.7
80.79
77.68
80.99
81.92
78.66
79.03
81.17
82.75
77.5
78.38
77.87
77.67
80.61
79.19
78.45
81.16
81.36
81.56
82.2
82.9
78.45
81.37
82.96
80.84
77.9
77.07
82.35
82.39
80.6
78.11
79.18
78.24
79.53
77.83
82.86
81.5
77.79
80.27
78.11
81.34
81.69
79.62
81.63
77.0
81.61
81.13
79.94
82.56
82.01
81.08
77.96
77.3
81.3
79.82
79.03
80.38
81.19
