77.8
78.87
75.1
73.87
70.57
75.21
79.67
72.75
72.16
73.6
71.41
70.73
74.4
71.7
72.75
73.66
72.0
75.43
77.46
79.78
79.89
72.45
79.38
76.34
74.43
73.9
73.58
79.98
72.45
74.51
71.31
70.24
70.19
74.15
79.05
75.48
76.53
72.2
77.65
77.31
73.43
77.07
75.57
73.14
79.96
70.39
74.46
73.01
71.32
76.68
74.35
71.57
70.5
79.39
72.18
79.46
75.99
77.5
77.55
75.95
76.35
79.07
76.48
70.83
70.94
70.4
77.86
73.3
70.78
70.28
70.52
71.92
74.41
77.12
74.64
72.4
71.53
70.49
79.33
77.95
72.33
72.01
78.9
73.16
73.97
75.33
75.86
78.51
70.24
76.98
73.37
74.0
79.3
73.18
79.27
74.91
79.78
79.81
75.27
78.14
79.91
75.28
78.8
71.89
77.56
72.84
73.05
74.16
73.38
76.4
74.72
70.26
77.75
70.02
75.0
77.4
76.0
74.57
75.09
76.47
76.66
72.97
74.25
75.44
71.77
77.24
75.48
76.36
70.25
71.95
79.41
70.15
70.89
74.05
77.12
73.62
79.09
74.02
73.7
71.4
79.61
72.72
77.5
74.6
73.22
76.99
78.22
77.2
70.63
78.55
73.15
73.98
75.16
70.65
73.06
74.2
74.07
77.48
70.06
72.1
74.23
78.04
78.15
72.2
79.77
77.84
72.28
73.47
73.56
71.82
73.9
71.99
72.96
73.97
70.1
77.15
70.85
73.01
78.48
72.75
70.21
73.22
71.38
79.11
78.47
71.35
74.33
75.2
74.43
70.34
79.24
72.1
72.42
70.48
74.03
79.15
74.39
70.03
76.52
76.46
79.74
73.22
74.3
74.35
70.29
74.71
75.29
73.0
72.53
73.78
71.3
75.3
74.89
78.54
79.59
74.23
79.3
74.22
76.94
79.53
78.71
72.64
73.87
70.25
79.69
71.49
75.16
70.04
79.11
74.09
79.7
79.6
78.45
74.45
77.01
75.43
73.18
71.13
70.0
79.64
71.87
74.18
76.09
70.07
78.95
79.38
70.85
70.45
75.38
71.97
75.08
74.36
74.85
77.73
79.26
79.17
72.31
78.85
70.51
75.06
70.55
75.69
71.44
79.77
70.56
79.88
70.24
79.15
72.97
73.92
73.0
76.43
74.97
74.61
77.13
73.92
72.22
74.68
75.34
78.15
73.33
72.43
71.04
72.48
70.8
72.35
78.58
76.6
73.88
77.51
78.12
73.19
77.95
78.14
74.24
79.12
78.04
74.01
70.05
78.27
71.21
76.82
78.4
75.23
79.32
75.82
78.05
72.68
75.79
73.57
78.88
71.42
73.82
73.17
71.49
75.91
76.79
70.44
74.15
78.5
76.29
70.26
74.72
72.95
70.44
77.54
75.12
70.01
78.46
73.62
76.05
77.62
75.36
78.39
73.16
78.6
75.83
76.05
76.67
76.1
76.02
71.83
71.2
76.41
79.38
77.53
76.23
70.45
78.37
78.94
74.76
71.04
76.97
78.76
77.36
77.03
77.88
70.91
77.13
77.35
