75.97
76.67
72.86
76.36
77.42
76.04
73.83
74.37
77.55
74.73
76.53
72.41
76.0
73.69
74.04
72.76
76.14
76.01
72.24
76.76
75.14
73.17
73.74
77.55
73.36
73.23
77.84
76.56
74.41
76.45
75.1
77.22
77.23
72.35
75.04
73.57
76.15
77.62
73.62
73.7
72.18
75.33
75.24
76.37
77.55
75.01
77.53
75.25
72.83
76.69
76.71
74.77
77.63
75.18
72.98
76.26
75.69
75.79
75.19
73.92
76.39
72.07
75.71
74.62
75.95
75.49
74.85
76.64
76.73
74.16
76.36
79.84
79.54
76.43
77.19
81.16
76.41
80.52
81.8
81.41
78.32
77.23
77.83
81.84
77.38
80.93
78.84
79.4
83.49
82.15
83.4
84.02
84.17
83.8
84.04
85.3
84.57
82.28
81.76
86.21
81.96
86.24
82.25
83.12
81.83
83.36
85.12
84.6
85.91
87.8
84.46
88.32
84.28
85.67
88.14
90.15
86.1
90.24
89.39
86.62
89.12
90.06
91.3
86.51
87.34
88.59
90.55
89.42
92.26
91.87
92.02
88.06
92.79
90.33
93.52
94.18
90.2
91.95
89.75
92.9
91.72
94.93
91.9
94.66
95.29
94.74
95.97
91.39
95.77
94.88
95.58
97.36
95.97
97.24
93.05
97.89
97.41
96.26
92.73
95.76
96.33
94.23
93.64
95.06
92.06
94.51
92.04
95.6
96.94
94.11
93.78
92.98
97.36
96.97
96.34
93.81
92.52
94.11
93.19
95.0
97.53
92.76
96.87
94.58
93.82
97.55
94.63
97.61
92.9
93.21
92.68
92.61
97.57
92.86
95.49
93.71
92.49
92.93
94.15
97.02
92.46
95.9
93.96
97.71
96.36
97.33
96.45
95.24
95.58
97.26
96.34
92.2
93.33
92.14
92.31
94.28
95.52
96.78
93.54
96.25
96.03
94.25
97.52
96.46
94.94
94.32
96.92
95.13
97.86
95.35
95.27
92.45
96.7
92.33
93.84
96.79
94.16
96.3
96.08
93.76
94.96
100.17
94.56
98.79
98.04
99.35
94.92
94.46
93.62
96.83
95.39
97.19
96.88
97.47
94.03
93.76
97.08
94.56
92.12
95.8
95.58
93.39
91.29
92.84
90.69
91.9
92.8
90.3
91.57
92.89
94.42
89.97
89.05
89.44
93.53
92.66
91.66
88.93
92.69
89.98
89.22
91.6
87.84
90.64
89.57
89.28
89.0
85.39
86.6
89.53
90.12
87.25
89.26
89.07
85.19
87.3
86.06
86.68
85.08
86.5
83.12
84.97
86.0
83.27
84.27
85.6
85.74
86.1
86.47
82.83
84.51
83.95
86.36
81.96
84.16
82.15
81.96
79.97
83.36
81.49
83.3
80.9
80.57
83.17
79.16
83.8
81.83
83.26
80.79
78.11
79.05
82.68
82.66
79.59
81.0
78.43
81.41
78.84
77.92
82.68
80.87
77.98
81.89
78.14
78.12
79.03
81.65
81.43
82.06
78.74
81.83
80.17
82.91
81.3
77.58
82.77
78.82
82.35
77.01
79.26
